-1.26 21.27 7
7.96 -20.77 1
6.99 -9.96 6
-15.91 3.33 2
23.31 4.27 5
-14.09 7.91 2
21.36 5.29 5
-2.95 -21.07 8
-5.26 1.18 0
-5.48 8.08 0
11.22 16.92 3
3.01 -11.99 6
-2.41 -4.85 6
-23.26 -1.91 4
24.46 2.66 5
-1.40 -15.86 8
17.17 -2.39 5
5.62 -12.93 1
-2.85 -14.29 8
-13.77 8.85 2
6.44 19.48 7
0.03 -10.34 6
-8.09 -8.81 4
-19.19 -4.52 4
17.54 4.63 5
6.11 -5.46 6
21.33 8.11 3
4.78 -5.18 6
0.44 -7.38 6
-14.53 9.43 2
0.24 26.59 7
-13.63 7.37 2
-5.02 -3.60 6
-6.03 -11.22 8
18.01 3.47 5
-3.19 -9.59 6
6.13 15.90 7
-13.37 9.99 2
-0.02 -11.68 6
-20.74 12.82 2
-4.39 -10.77 8
25.05 0.77 5
2.82 -9.29 6
5.66 -10.37 6
-3.56 -18.92 8
-20.85 3.08 2
3.01 -11.39 6
1.64 -10.74 6
5.02 20.77 7
3.94 20.88 7
0.98 -6.80 6
6.27 -7.26 6
6.90 -13.32 1
1.67 -9.99 6
10.71 -9.21 1
10.32 13.99 3
3.25 -9.59 6
6.66 -11.72 1
22.43 10.56 3
-19.41 -8.14 4
-23.57 3.62 2
4.77 -11.74 6
-23.89 0.59 2
-21.56 -8.82 4
28.18 7.43 5
21.39 11.18 3
21.36 8.29 3
14.77 17.14 3
19.45 -4.41 5
-7.71 -19.19 8
7.91 -10.86 1
-6.15 -5.71 6
6.31 20.10 7
-18.42 11.80 2
-1.28 0.97 0
2.99 -9.24 6
2.75 -11.29 6
6.56 -13.93 1
-3.43 22.84 7
-1.26 23.80 7
0.19 -15.57 8
1.34 -19.62 8
21.70 7.18 5
-20.24 -5.36 4
-3.73 -2.33 6
7.50 -20.86 1
6.52 -3.71 6
18.20 -13.21 1
22.07 2.24 5
-24.10 -1.81 4
3.14 -14.10 1
-20.61 -14.86 4
-20.18 12.00 2
12.56 -20.24 1
-0.16 -17.46 8
20.14 -4.68 5
3.12 -10.38 6
22.57 0.69 5
-24.69 -5.22 4
19.92 -19.20 1
22.77 4.99 5
8.56 23.52 7
-0.01 -3.91 6
-14.34 -23.07 8
24.50 1.27 5
-16.44 11.55 2
18.07 -1.41 5
-0.79 -9.23 6
3.68 -11.34 6
0.86 -7.07 6
16.83 -1.39 5
18.75 2.69 5
2.37 -17.66 8
-2.00 -10.53 6
3.61 -11.31 6
2.84 -7.49 6
-4.98 -4.54 6
-3.19 -16.20 8
0.29 -15.95 8
-11.93 11.52 2
-3.32 -3.67 6
16.71 -12.12 1
0.05 -18.77 8
-3.65 -14.98 8
24.51 1.22 5
-16.19 -0.52 4
7.65 21.09 7
1.77 -10.77 6
-15.35 13.88 2
4.32 -15.59 1
2.02 24.14 7
-3.91 3.83 0
-8.44 -7.62 4
-19.63 -12.00 4
18.42 -14.95 1
-0.99 -13.18 8
14.56 17.15 3
1.07 -17.98 8
1.21 -5.26 6
-18.30 14.03 2
3.56 21.53 7
2.80 -7.27 6
-10.03 -11.59 4
-26.95 0.82 2
22.42 -10.87 5
-4.35 -17.56 8
18.01 10.40 3
4.87 -20.40 1
4.21 -0.22 6
-18.43 11.88 2
8.08 22.28 7
-2.23 -2.52 6
-12.03 -14.19 4
-16.93 -8.00 4
19.64 -12.42 1
6.28 -2.24 6
20.02 6.83 5
3.86 -19.63 1
7.17 -12.27 1
-16.20 11.62 2
6.02 20.84 7
-12.96 8.28 2
1.56 -15.38 8
5.05 -10.99 6
18.20 15.43 3
2.42 -10.29 6
4.29 22.58 7
-14.51 12.32 2
3.65 -6.80 6
-16.94 12.66 2
4.05 -12.54 6
25.34 -12.59 5
-2.31 -3.41 6
0.13 -20.01 8
-2.23 -19.54 8
-21.54 -8.63 4
-2.48 -9.62 6
-1.92 3.65 0
2.81 24.27 7
10.78 16.17 3
-9.58 -9.77 4
-9.73 -12.54 8
0.77 -22.19 8
-5.09 -0.97 0
0.24 -4.68 6
10.66 21.46 7
2.07 -7.39 6
-3.24 -8.90 6
15.70 13.27 3
-26.07 3.51 2
-19.14 -2.19 4
8.92 -21.08 1
-21.88 2.28 2
-23.03 -2.41 4
20.38 -10.45 5
23.70 5.47 5
18.44 13.38 3
18.90 16.66 3
21.10 -12.78 1
-10.30 10.45 0
7.21 -9.87 6
-0.14 -12.38 8
5.71 24.43 7
-14.94 5.34 2
2.90 -4.03 6
-8.98 -12.28 8
-0.08 -14.78 8
-5.40 -12.56 8
14.80 16.28 3
11.31 20.64 3
1.44 -5.46 6
1.13 -23.62 8
17.33 15.88 3
-20.45 -6.70 4
-5.26 -9.30 6
1.08 -10.68 6
5.72 -19.76 1
-18.30 -9.53 4
-1.63 -0.24 6
-19.84 -8.78 4
-14.05 5.21 2
7.58 -10.89 1
-1.65 -21.76 8
19.47 2.26 5
1.79 2.97 0
26.25 -11.81 5
-17.85 -9.14 4
3.92 -11.01 6
24.85 -13.10 5
0.14 25.08 7
-0.30 -11.02 6
-13.52 -9.03 4
17.48 13.75 3
-13.94 9.54 2
9.93 21.58 7
9.53 -9.76 1
-0.20 -20.88 8
7.70 -8.71 6
20.80 -12.87 1
22.26 -15.99 1
5.52 -20.47 1
1.49 1.40 6
5.42 -15.77 1
-1.32 -0.53 6
-4.27 -12.12 8
4.46 -11.03 6
3.17 -12.79 6
17.55 -8.22 5
1.36 -7.55 6
-0.37 -8.03 6
22.70 -13.28 5
-8.97 12.69 0
7.96 23.21 7
-1.76 -2.88 6
-4.06 8.40 0
5.27 -5.36 6
5.65 18.79 7
10.85 -21.26 1
-10.63 -4.29 4
-19.47 3.34 2
20.92 -1.59 5
-11.58 11.23 2
14.57 15.62 3
-5.70 -22.35 8
-6.67 1.70 0
-7.94 -8.73 4
3.15 20.83 7
8.77 -18.58 1
-10.76 -6.62 4
-15.67 -1.23 4
26.45 -3.94 5
-6.21 -17.51 8
18.38 15.16 3
1.07 -17.77 8
1.75 -9.22 6
-4.31 -17.07 8
0.65 20.82 7
13.43 -18.02 1
-13.27 -5.22 4
-22.50 0.82 2
23.40 -1.02 5
-8.89 1.57 0
14.97 15.32 3
7.50 -14.39 1
7.06 -7.67 6
-23.42 8.73 2
5.82 18.50 7
-17.35 10.65 2
-7.50 5.15 0
-7.04 12.80 0
17.76 10.05 3
-8.55 14.44 0
-3.16 18.97 7
-15.14 6.69 2
-2.65 -1.77 6
-16.04 13.87 2
-1.09 -1.75 6
27.57 4.13 5
14.17 -18.81 1
-4.23 -17.73 8
1.35 -13.72 8
-20.54 0.04 4
-7.08 1.42 0
9.72 -16.84 1
3.66 20.54 7
-0.62 24.85 7
-12.37 -1.53 4
-10.07 -5.36 4
-5.25 -19.55 8
-8.13 4.39 0
-13.28 -8.86 4
1.11 21.34 7
5.59 -11.56 6
-12.36 -3.60 4
5.50 13.62 7
-16.32 -3.37 4
-20.75 -1.93 4
1.89 -16.65 8
-25.42 0.55 2
-20.43 -1.71 4
28.89 2.74 5
14.12 16.93 3
14.67 14.97 3
19.18 11.19 3
25.97 2.57 5
-3.23 -11.35 8
11.39 -20.41 1
5.33 1.09 6
1.98 20.73 7
-6.92 -13.63 8
-5.50 2.77 0
-15.54 -7.83 4
-4.80 4.52 0
-15.04 -3.74 4
3.44 24.58 7
0.52 18.00 7
8.28 -25.34 1
2.64 -14.25 8
20.56 5.27 5
-20.47 -0.58 4
-16.02 -6.29 4
6.88 -20.62 1
0.96 -14.20 8
26.41 -4.16 5
13.96 16.81 3
-25.22 -2.73 4
10.93 -23.10 1
-15.98 -2.73 4
-7.23 -6.07 4
10.13 -20.74 1
-1.98 -17.41 8
17.35 11.24 3
1.94 -4.45 6
30.40 7.81 5
-10.43 1.05 0
3.47 -25.26 1
20.69 -6.39 5
1.19 20.31 7
-10.21 11.64 0
-22.37 3.87 2
17.11 17.60 3
-7.89 -13.31 8
14.96 15.66 3
15.21 -12.60 1
4.37 -17.02 1
-7.86 -1.30 0
29.47 9.38 5
28.10 -0.71 5
0.15 -16.00 8
-13.71 -5.06 4
-7.03 1.15 0
-11.44 -6.76 4
-12.94 -11.10 4
-13.46 11.42 2
5.18 -11.91 1
0.81 -0.98 6
-2.19 -13.94 8
28.85 1.68 5
-6.87 8.28 0
-4.93 1.73 0
26.84 -1.23 5
2.29 7.59 0
2.48 24.06 7
3.42 -11.96 6
-0.10 -8.26 6
-23.69 -1.83 4
-5.28 25.00 7
-6.06 2.43 0
-7.64 -11.21 8
-21.29 1.75 2
17.78 -3.77 5
-10.19 -2.93 4
20.82 10.95 3
2.55 -8.56 6
0.14 -1.07 6
-19.39 9.70 2
-0.79 24.95 7
2.51 -10.46 6
-7.15 -1.89 0
-17.38 8.31 2
21.99 -9.72 5
-1.52 -8.06 6
14.06 8.07 3
3.38 -5.47 6
-3.76 -8.22 6
-13.67 11.03 2
4.54 24.04 7
4.50 -8.46 6
-6.07 -5.92 6
-9.30 13.63 0
22.10 -8.12 5
-0.43 -5.94 6
16.16 10.17 3
6.25 -4.70 6
5.09 6.87 0
-14.63 11.36 2
7.51 16.99 7
-10.66 10.80 0
-15.22 1.13 4
-3.45 0.50 0
10.03 11.12 3
-12.27 5.25 0
-2.66 22.56 7
-13.24 10.23 2
-4.83 1.53 0
-20.69 11.77 2
-5.49 -1.86 0
19.18 -6.37 5
-1.31 -3.42 6
7.20 -1.92 6
-4.35 -16.60 8
-20.67 6.62 2
-1.57 -4.43 6
1.51 -7.79 6
2.81 26.52 7
5.37 21.46 7
-10.40 -6.22 4
-11.65 -8.53 4
2.53 -7.11 6
-7.02 2.62 0
-12.46 -5.14 4
-5.40 26.16 7
-0.25 -3.36 6
-11.76 -1.97 4
11.16 7.33 3
-14.19 4.55 2
-11.39 9.72 0
6.18 -0.64 6
-13.91 9.68 2
-12.83 9.18 2
22.58 -4.81 5
19.40 12.78 3
16.82 8.04 3
17.60 11.91 3
20.22 -6.14 5
-21.10 10.88 2
-0.47 -8.07 6
-5.33 6.14 0
2.17 18.85 7
-11.95 7.04 0
-5.79 0.20 0
-5.58 -9.90 8
-6.84 -3.52 4
-9.01 -8.39 4
-0.90 23.85 7
0.09 27.08 7
6.42 -12.74 1
8.84 0.69 6
21.07 9.40 3
-13.56 8.27 2
-6.03 -2.88 0
12.66 -12.08 1
-5.28 -14.13 8
17.35 1.06 5
13.59 10.93 3
-12.82 8.03 2
-0.34 -10.61 6
-15.96 3.85 2
-11.81 8.90 2
1.41 -11.22 6
-1.55 -2.29 6
12.78 13.26 3
-2.30 9.16 0
21.29 -4.47 5
-15.18 3.44 2
1.32 -5.85 6
20.79 -7.14 5
2.86 22.43 7
-7.05 -3.15 4
-12.04 6.38 0
20.86 11.23 3
-6.60 10.80 0
21.14 -3.91 5
2.27 -3.64 6
4.83 -6.23 6
-5.03 -2.07 0
14.94 -3.37 5
21.58 -4.09 5
2.87 -2.32 6
-6.51 -4.13 6
-1.48 8.15 0
-11.14 -6.83 4
3.07 -9.82 6
0.50 -9.89 6
-1.39 -11.22 6
-11.08 13.29 2
8.45 -1.39 6
20.32 -1.85 5
-2.53 -4.04 6
0.60 -9.41 6
19.01 -9.50 5
-12.84 9.46 2
0.61 22.33 7
-5.93 8.75 0
-14.73 12.65 2
-7.94 -2.25 0
-3.52 24.01 7
-0.88 -5.65 6
-3.12 -3.82 6
-13.99 13.46 2
19.37 -6.43 5
-1.96 6.28 0
14.00 12.26 3
-5.83 -18.47 8
3.55 -7.98 6
-7.95 9.95 0
0.13 21.95 7
-0.22 -4.00 6
-5.14 -7.46 6
-19.23 6.43 2
11.84 -7.64 1
-10.00 14.46 2
12.62 14.61 3
-7.22 -22.23 8
3.84 -2.86 6
-8.67 14.06 0
-6.47 18.30 7
1.62 -6.45 6
-8.19 -3.00 4
-12.07 2.28 0
22.32 -1.33 5
-13.65 10.91 2
13.10 17.26 3
-2.46 -16.00 8
-3.83 -2.18 6
-13.67 9.33 2
0.21 22.18 7
-6.09 -4.82 6
-11.89 2.32 0
-11.30 14.41 2
14.08 11.73 3
-11.53 11.77 2
-6.24 23.16 7
-19.45 12.57 2
6.02 -1.62 6
-8.38 6.20 0
0.33 -5.75 6
19.17 -2.81 5
7.42 -3.64 6
3.77 -16.61 1
-4.31 -20.19 8
-17.91 5.68 2
-13.31 12.16 2
11.96 -2.82 6
-2.51 24.69 7
-4.97 29.19 7
-10.33 -8.23 4
-4.99 -5.28 6
-5.74 -16.64 8
3.22 0.23 6
-12.71 -5.46 4
3.65 21.21 7
9.68 -2.93 6
-6.29 -5.75 6
12.96 8.22 3
-15.10 7.96 2
-19.61 10.28 2
-1.39 -19.31 8
-10.96 7.78 0
-11.77 6.72 0
24.74 -2.54 5
12.77 15.17 3
18.36 12.40 3
12.48 16.08 3
14.67 -9.16 1
-14.00 13.98 2
12.10 -1.10 5
-8.41 7.44 0
1.72 18.90 7
-19.14 10.21 2
-7.97 13.55 0
-10.53 -4.20 4
1.05 -1.18 6
-12.95 -2.86 4
-8.63 18.05 7
-1.73 20.17 7
8.26 -5.30 6
-5.48 -20.93 8
14.41 12.42 3
-14.22 5.80 2
-3.24 -0.15 0
4.97 -4.73 6
-2.09 -20.90 8
16.85 -6.48 5
17.71 6.11 3
-9.38 1.22 0
8.95 -1.76 6
-8.25 4.52 0
-10.22 14.70 2
0.43 -9.30 6
2.68 -19.36 8
16.35 14.41 3
2.34 -6.22 6
18.55 -2.04 5
-19.46 4.32 2
7.91 -11.54 1
19.83 -3.56 5
-8.72 19.22 7
-11.48 17.15 2
-16.96 6.48 2
17.49 12.61 3
-9.19 11.31 0
14.50 13.93 3
-0.20 -6.26 6
-4.63 -20.41 8
-10.62 6.57 0
15.66 0.24 5
24.39 -0.83 5
-2.96 -17.47 8
-7.64 -8.76 4
6.52 -2.38 6
-18.97 -9.24 4
-7.41 -5.11 4
-1.82 2.55 0
-6.38 -22.22 8
-20.82 12.35 2
-12.22 13.23 2
12.41 -6.25 6
2.10 -1.55 6
3.65 -10.38 6
15.06 -4.33 5
-18.44 16.36 2
-2.94 24.66 7
2.43 -6.71 6
-13.79 11.45 2
5.72 -6.56 6
3.12 23.42 7
10.30 -26.09 1
-11.27 -5.61 4
-15.87 -1.45 4
23.26 -10.44 5
4.45 1.62 6
16.79 12.71 3
-1.58 -17.67 8
-5.90 1.22 0
2.37 2.54 6
-0.91 11.52 0
13.70 -16.00 1
-10.57 -2.93 4
-18.63 7.78 2
27.16 -9.28 5
2.48 0.26 6
19.30 13.88 3
2.13 -18.91 8
-1.26 3.81 0
7.59 1.64 6
7.55 21.13 7
18.14 -11.14 1
-14.47 -2.79 4
-14.60 -3.25 4
17.06 -3.71 5
0.78 -2.68 6
17.32 13.77 3
4.02 -12.87 1
-3.24 3.49 0
1.74 7.27 0
4.94 19.35 7
10.32 3.06 3
18.23 3.16 5
6.30 -13.63 1
20.27 18.19 3
8.41 -8.10 6
-0.06 25.01 7
0.99 -4.46 6
-3.63 -2.53 6
8.48 1.29 6
-3.68 0.10 0
18.36 -10.62 1
10.25 -22.21 1
14.61 -7.23 5
7.98 -8.37 6
-11.73 6.72 0
4.42 -9.68 6
10.37 -19.54 1
7.69 22.41 7
-0.04 13.20 7
-15.09 -5.90 4
-10.97 -8.20 4
4.13 -16.21 1
-0.53 -6.23 6
-10.10 -8.45 4
14.57 9.41 3
0.57 -24.21 8
-9.73 -3.09 4
11.86 18.12 3
-24.38 6.56 2
-21.92 -0.10 4
0.56 -17.04 8
-24.34 6.38 2
-23.38 -4.10 4
15.73 -5.91 5
15.43 14.77 3
17.54 8.71 3
15.20 15.79 3
22.36 -6.70 5
5.30 -0.30 6
15.15 -14.17 1
9.72 6.00 3
8.41 20.05 7
5.22 -3.09 6
11.51 1.84 5
-13.59 -9.86 4
-3.39 1.78 0
-6.13 -5.60 6
5.75 17.81 7
3.88 23.17 7
0.66 -26.31 8
3.78 -13.54 1
17.95 15.65 3
-20.92 2.18 2
-9.76 1.37 0
8.04 -14.94 1
9.78 -9.91 1
25.19 -6.75 5
19.94 8.79 3
-21.28 4.76 2
9.89 -16.90 1
-5.16 -3.67 6
1.04 2.56 0
13.84 -18.48 1
7.72 -14.60 1
15.20 16.86 3
0.35 -8.66 6
19.53 -5.60 5
-9.66 -0.17 0
14.80 -17.53 1
7.76 -11.81 1
4.22 22.60 7
-3.65 6.84 0
-16.82 -8.99 4
23.09 10.53 3
9.84 -2.77 6
18.23 8.14 3
10.74 -22.24 1
5.71 -12.49 1
0.98 -11.11 6
14.95 -0.67 5
16.00 -9.87 1
12.70 -8.23 1
-13.84 -9.82 4
10.13 -9.45 1
-13.32 -7.43 4
-12.40 -8.59 4
7.86 -8.36 6
-2.39 -19.88 8
9.21 -0.35 6
3.85 -0.18 6
23.41 2.57 5
-2.68 4.84 0
7.23 -4.73 6
13.81 -11.33 1
1.62 3.61 0
3.37 17.29 7
-1.00 4.70 0
8.34 -11.09 1
3.55 -3.61 6
-3.26 19.71 7
2.51 -26.79 8
-11.55 -8.67 4
-5.39 2.00 0
28.22 3.12 5
-3.82 -19.82 8
9.08 21.02 7
-2.34 -16.21 8
4.30 0.97 6
-19.50 13.92 2
-4.09 26.52 7
-2.51 -20.44 8
-13.54 -9.74 4
-21.08 -1.63 4
29.81 -4.17 5
-1.47 -8.18 6
8.06 19.79 7
-2.89 -21.30 8
8.31 -3.83 6
-8.89 14.90 0
4.27 18.07 7
4.19 -26.28 1
-9.86 -4.88 4
-22.17 1.73 2
25.74 2.47 5
-1.35 -10.51 6
14.57 11.39 3
-6.83 -22.78 8
10.32 -8.00 6
-11.34 13.61 2
3.93 25.28 7
-16.51 15.52 2
-7.81 -21.75 8
8.23 -12.30 1
11.17 18.49 3
-4.47 -21.52 8
3.57 23.55 7
-11.05 9.12 0
-5.76 1.44 0
-17.70 14.58 2
-5.56 3.31 0
28.95 3.14 5
12.40 -9.47 1
-8.15 -18.07 8
-3.14 -17.06 8
-20.49 0.23 4
-1.30 -16.42 8
7.54 -18.94 1
1.80 17.80 7
5.36 17.28 7
-12.58 -11.88 4
-0.17 5.95 0
2.80 -16.46 8
0.98 5.02 0
-9.38 -6.72 4
3.66 21.72 7
-0.03 -3.03 6
-7.42 -8.84 4
20.48 6.27 5
-13.84 -6.59 4
-12.34 -5.80 4
-7.40 -20.61 8
-18.69 -1.55 4
-16.32 -7.04 4
26.98 -0.91 5
19.68 12.76 3
13.87 15.07 3
11.25 17.27 3
28.86 -0.72 5
-16.60 16.67 2
0.84 -21.51 8
-2.99 -13.49 8
6.74 22.41 7
-12.51 11.08 2
-3.72 -17.09 8
-3.79 -3.84 6
-6.12 -6.86 6
-3.17 -1.97 6
11.65 13.13 3
-5.14 21.25 7
11.01 -12.80 1
-5.25 -18.70 8
19.00 18.40 3
-21.41 -0.47 4
-11.79 -12.31 4
9.33 -19.70 1
0.80 -17.36 8
25.29 13.65 3
11.08 17.44 3
-19.18 -0.90 4
10.33 -25.30 1
-21.47 1.23 2
-12.61 8.24 2
9.01 -22.51 1
-1.20 -21.26 8
13.28 17.03 3
2.00 -3.66 6
25.41 2.35 5
-13.95 1.64 4
5.72 -26.03 1
25.68 4.37 5
-2.87 22.76 7
-4.25 -14.61 8
-17.43 -1.72 4
18.84 2.37 5
-16.93 12.73 2
17.41 16.20 3
6.22 -26.12 1
-0.01 -18.59 8
1.67 -12.00 6
27.27 -0.56 5
28.76 -0.36 5
-2.31 -19.24 8
-4.09 -2.76 6
-1.59 -5.49 6
-7.39 -6.96 4
-13.43 -5.30 4
-9.30 -15.06 8
-7.84 -20.16 8
-14.80 13.82 2
-2.11 -12.94 8
29.56 3.93 5
-1.72 -3.54 6
0.15 7.71 0
26.43 9.50 5
-11.47 16.04 2
6.79 20.92 7
1.04 -4.35 6
-20.86 12.02 2
10.42 -6.83 6
2.91 -5.78 6
-12.27 -11.28 4
-19.26 9.03 2
28.23 9.63 5
-9.45 3.47 0
12.53 17.75 3
5.18 -8.55 6
-8.95 5.01 0
-19.55 10.89 2
-3.64 24.95 7
-1.88 -7.00 6
-7.05 1.10 0
-17.97 7.82 2
28.76 6.93 5
-13.14 13.58 2
15.77 17.16 3
-3.11 -13.93 8
-9.53 0.88 0
-20.11 13.93 2
-4.44 22.74 7
7.75 -5.24 6
-15.94 -11.07 4
-20.21 6.10 2
20.43 5.51 5
-13.17 13.61 2
10.33 15.98 3
0.34 -13.09 8
-7.20 3.90 0
-21.80 8.93 2
0.68 24.47 7
-24.95 13.18 2
-15.07 16.85 2
-13.83 12.69 2
15.31 16.46 3
-15.87 14.99 2
-6.44 22.79 7
-17.73 14.97 2
-11.40 5.16 0
-21.22 14.26 2
-6.50 -1.72 0
22.70 3.64 5
-7.89 0.97 0
3.52 -14.78 1
2.81 -12.75 6
-14.38 6.48 2
-14.67 17.85 2
-5.20 2.49 0
-14.02 -13.63 4
2.41 -12.67 6
-11.54 3.84 0
-13.13 -6.00 4
-4.59 22.96 7
-0.29 -0.10 6
-11.25 -10.81 4
9.67 17.12 3
-20.08 4.54 2
-19.65 8.10 2
0.56 -14.03 8
-13.93 10.81 2
-17.07 12.49 2
16.78 6.69 3
17.43 16.01 3
14.01 15.70 3
13.24 15.12 3
19.89 -0.14 5
-18.31 10.68 2
-5.08 -3.49 6
-14.36 11.31 2
-10.30 24.08 7
-21.04 10.02 2
-14.88 14.46 2
-16.30 -3.59 4
-8.74 6.15 0
-12.13 -10.50 4
-6.99 19.82 7
-7.19 23.95 7
-2.52 -2.36 6
-2.56 -17.74 8
10.64 16.60 3
-7.91 14.16 0
-11.97 -11.25 4
3.78 -4.56 6
21.65 14.01 3
19.93 8.22 3
-21.63 8.55 2
-1.97 -5.46 6
-12.77 10.26 2
-13.75 14.18 2
-2.20 -5.85 6
5.36 -14.12 1
16.56 11.85 3
-6.43 4.91 0
13.68 6.69 3
-17.16 4.15 2
-3.93 -1.43 0
22.45 -1.48 5
-4.14 23.01 7
-12.30 3.68 0
-17.41 12.17 2
15.68 16.12 3
-22.69 14.44 2
15.91 16.55 3
-0.37 -0.90 6
3.26 -12.34 6
-13.79 16.49 2
27.24 3.14 5
20.53 4.85 5
-1.45 -14.99 8
-12.20 -5.97 4
-7.81 7.41 0
-11.21 -7.31 4
-13.64 -11.25 4
-12.59 18.63 2
1.29 -14.24 8
-17.65 16.20 2
-16.83 12.77 2
13.62 -3.89 5
24.45 -2.85 5
-10.83 7.10 0
-12.36 20.10 2
-9.11 0.97 0
-21.18 10.51 2
-11.76 4.73 0
1.01 21.12 7
6.54 -15.94 1
-11.53 -4.25 4
-23.14 5.44 2
17.00 -1.86 5
1.74 -12.01 6
12.79 16.64 3
-5.36 -18.29 8
1.53 -3.92 6
-12.88 -0.96 4
3.76 26.31 7
8.85 -17.00 1
-8.67 -7.68 4
-23.39 5.35 2
14.49 1.05 5
-4.62 -10.56 8
11.12 19.38 3
-0.04 -16.00 8
-11.21 -15.33 8
-10.90 7.63 0
2.14 22.90 7
8.69 -24.76 1
-15.19 -3.07 4
-24.58 3.21 2
21.26 1.02 5
-4.03 6.21 0
17.20 12.43 3
-1.26 -14.46 8
-8.31 0.71 0
-12.30 7.38 2
-2.84 23.97 7
-7.92 -0.14 0
3.38 -4.79 6
1.26 -7.67 6
18.89 6.02 5
9.15 -10.92 1
7.12 25.65 7
-13.06 6.92 2
-4.52 -0.58 0
-8.56 4.91 0
-3.84 -6.49 6
16.47 6.66 3
9.16 -19.76 1
-4.96 -15.27 8
-3.03 -14.76 8
-24.18 2.59 2
-6.65 -1.00 0
12.57 -22.27 1
4.71 18.38 7
0.30 20.04 7
-5.55 -15.18 8
-9.45 -17.40 8
-15.50 -7.96 4
-5.09 27.38 7
17.16 -11.66 1
-14.28 -5.14 4
16.59 7.09 3
-31.17 8.26 2
-28.40 3.18 2
-3.81 -19.75 8
-28.86 7.51 2
-28.83 4.41 2
18.10 0.15 5
15.34 12.44 3
17.28 8.04 3
19.79 11.14 3
5.11 -7.81 6
-9.67 10.37 0
6.92 -25.26 1
3.77 0.82 6
-3.31 22.17 7
-11.30 -4.46 4
2.40 -12.64 6
-13.00 -3.62 4
-10.21 -2.42 4
-19.14 -0.76 4
1.40 28.03 7
-0.68 30.09 7
13.17 -19.23 1
-4.51 -15.94 8
23.70 7.62 5
-24.80 4.77 2
-16.82 -7.66 4
5.20 -23.77 1
2.30 -15.31 8
17.34 -1.49 5
17.75 12.01 3
-27.88 4.25 2
1.25 -22.28 8
-3.20 -13.08 8
-7.75 4.83 0
7.97 -23.31 1
1.46 -15.79 8
13.63 12.12 3
-6.42 -3.77 6
20.19 -6.29 5
-27.08 6.02 2
14.42 -15.64 1
23.32 2.90 5
-0.76 21.87 7
1.39 -2.26 6
-27.48 4.68 2
19.40 7.99 3
-19.52 9.34 2
15.09 15.89 3
11.64 -21.65 1
-7.74 -19.55 8
3.38 11.43 7
26.04 9.18 5
14.35 3.20 5
-2.18 -14.92 8
-15.26 -6.46 4
-5.16 -9.98 8
-6.05 -9.69 8
-9.12 -3.96 4
1.99 -9.50 6
-7.42 -18.12 8
-17.13 0.71 4
9.32 2.57 6
23.77 3.23 5
-5.99 -5.45 6
-8.51 -5.28 4
17.58 -7.21 5
-2.29 2.42 0
-0.36 26.17 7
-0.40 -11.84 8
-17.40 -1.22 4
-4.34 -7.00 6
0.40 22.69 7
5.72 -14.60 1
-12.20 -6.62 4
-26.15 6.18 2
26.76 1.87 5
-0.82 14.20 7
5.38 19.60 7
-7.03 -18.98 8
-12.04 2.34 0
-14.58 16.42 2
2.31 18.23 7
6.18 -10.94 6
-16.44 -12.44 4
-25.34 1.86 2
27.29 9.04 5
-5.58 11.01 0
17.91 13.46 3
-1.41 -17.03 8
0.03 -8.90 6
-17.07 10.18 2
2.35 17.62 7
8.38 -15.60 1
-18.05 -13.39 4
-25.85 10.81 2
21.02 1.03 5
-3.93 -10.72 8
17.81 12.42 3
-0.57 -15.91 8
-3.24 -16.09 8
-6.54 12.62 0
-0.97 12.17 0
-18.01 13.72 2
-6.58 4.87 0
-9.23 -10.31 4
17.50 12.58 3
-6.02 -17.39 8
2.97 22.71 7
-16.43 12.22 2
-4.38 -7.94 6
-17.98 11.48 2
-3.16 -10.30 6
27.99 10.21 5
5.35 -22.43 1
-5.91 -16.71 8
-6.03 -20.01 8
-11.49 -26.05 8
8.15 8.70 3
4.91 -16.66 1
-0.77 22.86 7
-0.33 19.39 7
-18.83 -11.24 4
-15.36 -11.00 4
-1.76 -20.59 8
-2.29 -13.51 8
-12.98 -7.26 4
0.52 16.57 7
6.96 -26.44 1
-18.88 -9.17 4
13.79 14.10 3
-26.49 12.19 2
-23.85 -5.61 4
-4.32 -19.02 8
-23.41 -2.77 4
-28.39 6.51 2
26.16 12.67 3
15.60 11.47 3
19.02 12.04 3
19.40 10.94 3
27.36 3.80 5
-17.22 11.30 2
10.00 -17.35 1
8.04 -7.08 6
2.74 13.72 7
-14.43 8.56 2
-6.23 7.74 0
-19.87 -11.64 4
-8.88 -16.23 8
-17.09 -9.14 4
-3.81 11.78 0
-3.45 17.16 7
5.50 -26.84 1
-7.95 -17.07 8
13.51 12.77 3
-23.65 -10.92 4
-19.76 -7.33 4
0.12 -20.34 8
-2.66 -17.00 8
28.98 1.21 5
15.26 11.10 3
-22.98 -1.35 4
10.77 -22.54 1
-22.00 -0.21 4
-19.44 11.25 2
12.42 -19.36 1
-2.24 -18.72 8
17.18 9.56 3
-10.51 -14.78 8
27.80 6.52 5
-23.19 0.95 2
14.62 -7.85 1
29.52 6.81 5
2.57 19.23 7
-3.36 -9.67 6
-23.28 -12.89 4
15.40 13.87 3
-22.32 10.99 2
16.52 11.60 3
13.48 -3.44 5
-8.87 -17.09 8
-0.54 -8.27 6
23.89 6.14 5
29.98 8.01 5
-0.76 -18.78 8
-9.15 -0.40 0
-1.35 -5.60 6
-15.79 -6.11 4
-21.91 -10.79 4
4.83 -1.62 6
-7.52 -21.25 8
-18.63 7.69 2
-3.59 -9.02 6
28.12 9.99 5
1.00 -17.33 8
-4.19 -12.91 8
16.37 1.76 5
-23.35 13.53 2
-2.60 7.39 0
-5.25 -17.64 8
-12.11 8.86 2
-4.56 -13.07 8
3.13 24.09 7
-1.69 1.99 0
-10.98 -5.38 4
-30.26 0.15 2
23.46 11.09 3
-9.57 16.11 2
9.36 0.90 6
-4.62 -18.50 8
2.73 -10.01 6
-20.59 13.90 2
8.28 24.39 7
6.71 -17.12 1
-8.55 0.14 0
-25.85 5.91 2
20.53 17.86 3
-12.56 6.13 0
10.84 2.77 3
-8.85 -17.23 8
1.67 -13.35 8
-21.33 11.62 2
5.24 27.91 7
-2.59 7.19 0
-10.11 -5.57 4
-21.23 6.16 2
18.37 7.27 3
2.01 4.56 0
10.99 8.74 3
-12.69 -18.40 8
2.82 -13.78 8
-20.16 13.43 2
-2.77 28.99 7
-19.35 13.02 2
-4.96 5.04 0
1.33 4.05 0
11.99 8.99 3
-6.08 -4.37 6
9.34 13.65 3
-14.12 11.25 2
-1.52 -14.96 8
-11.74 11.06 2
2.82 -14.03 8
24.55 12.46 3
10.28 -23.55 1
-9.12 -13.02 8
-12.69 -16.02 8
-26.63 4.97 2
-4.09 6.49 0
5.68 -26.88 1
6.45 26.14 7
6.50 25.29 7
-17.76 -0.41 4
-15.16 8.48 2
-10.05 -19.16 8
-0.75 -13.32 8
-12.35 0.92 4
-0.65 24.62 7
1.98 1.71 6
-15.17 1.68 4
16.85 11.89 3
-18.12 -2.92 4
-24.28 6.21 2
-6.33 -19.13 8
-25.50 9.14 2
-28.37 12.04 2
23.41 10.74 3
13.10 11.17 3
13.69 11.25 3
14.91 11.22 3
29.48 6.67 5
-14.78 10.94 2
4.11 -24.45 1
-0.41 13.56 7
5.01 20.33 7
-19.40 13.32 2
8.89 7.57 3
-17.65 -7.71 4
3.03 -6.70 6
-12.68 10.82 2
-1.42 22.16 7
-0.91 22.74 7
4.37 -7.78 6
-8.38 -20.51 8
13.84 4.31 3
-25.11 2.19 2
-10.27 -5.22 4
1.41 -19.97 8
-1.48 -18.48 8
24.75 10.31 3
16.70 4.73 5
-21.81 -8.95 4
2.58 -25.34 8
-23.67 3.35 2
-19.65 13.87 2
7.69 -23.18 1
0.03 -15.41 8
11.78 1.81 5
-6.69 -16.44 8
21.00 13.26 3
-22.60 9.35 2
10.78 -21.91 1
28.84 2.01 5
5.20 26.77 7
10.49 -3.53 6
-26.40 1.39 2
11.43 7.66 3
-18.10 10.85 2
10.42 14.49 3
11.17 -17.89 1
-2.78 -17.48 8
-1.91 -7.30 6
25.20 11.24 3
26.46 11.21 3
0.68 -15.00 8
-13.68 5.59 2
-7.86 -12.76 8
-14.10 -2.61 4
-14.63 -2.81 4
-1.02 13.60 7
-6.66 -18.24 8
-18.88 7.51 2
-11.39 -2.44 4
25.37 9.05 5
4.92 -18.10 1
3.67 -10.91 6
28.63 9.73 5
-10.09 10.81 0
9.25 16.64 3
-3.45 -11.68 8
-7.30 19.96 7
-4.90 -1.39 0
-9.77 -4.82 4
-17.70 5.22 2
18.09 -2.96 5
-12.53 7.07 2
11.70 18.57 3
5.86 -10.89 6
-12.49 4.09 0
-21.45 10.39 2
-3.65 19.20 7
-5.53 4.69 0
-6.51 -4.70 6
-21.39 7.40 2
25.79 -0.54 5
-13.06 12.90 2
9.79 19.85 7
1.69 -10.39 6
-8.00 -0.23 0
-22.96 10.75 2
-1.40 18.15 7
-3.12 -0.83 0
-13.31 -7.33 4
-18.58 1.02 4
25.03 -3.71 5
-8.58 15.24 0
11.26 19.75 3
2.47 -12.90 6
-8.45 0.66 0
-22.17 10.81 2
-0.57 20.74 7
-24.54 13.51 2
-13.94 13.53 2
-13.90 11.85 2
13.18 15.77 3
-8.07 12.23 0
-1.80 21.57 7
-20.60 11.82 2
-4.08 4.62 0
-22.38 13.24 2
-7.09 2.58 0
26.69 0.67 5
-5.13 10.35 0
-3.03 -14.84 8
5.51 -9.54 6
-21.46 3.32 2
-16.68 14.04 2
-6.80 10.71 0
-1.69 22.72 7
-3.80 20.32 7
-15.39 -12.41 4
-12.89 -8.24 4
6.31 -11.25 1
4.22 5.10 0
-13.47 -9.54 4
-5.30 28.62 7
-7.62 10.50 0
-11.38 -11.10 4
10.54 24.78 7
-18.39 3.11 2
-20.05 6.60 2
-0.87 -16.79 8
-23.22 5.12 2
-27.88 5.62 2
23.64 -2.23 5
16.24 16.12 3
10.62 20.21 3
17.13 15.54 3
25.74 -2.53 5
-21.73 13.25 2
-7.34 10.46 0
-6.40 11.72 0
-5.74 24.32 7
-24.93 11.08 2
-3.84 11.02 0
-11.62 -10.73 4
-7.09 0.17 0
-14.39 -9.69 4
-6.61 26.98 7
-0.99 20.70 7
-7.72 14.10 0
-4.61 -11.19 8
14.46 20.70 3
-20.51 3.26 2
-6.52 -1.13 0
-8.57 -0.26 0
-1.50 -13.59 8
26.75 0.98 5
14.13 17.98 3
-22.02 1.00 2
-2.98 0.18 0
-21.33 6.35 2
-19.08 13.22 2
-7.35 6.21 0
-2.35 -11.73 8
14.67 18.66 3
-5.71 -0.94 0
25.10 -4.11 5
-19.42 7.94 2
-5.26 14.22 0
24.41 -4.99 5
-2.48 22.92 7
-14.62 10.85 2
-21.72 0.53 2
17.03 17.17 3
-24.31 10.63 2
18.41 13.48 3
-7.61 4.41 0
1.72 -8.33 6
-14.86 12.21 2
26.75 0.03 5
18.59 -7.40 5
-0.41 -13.05 8
-16.89 -11.11 4
-0.80 2.14 0
-18.47 -8.40 4
-11.10 -10.62 4
-5.30 11.87 0
2.42 -10.43 6
-22.86 13.27 2
-8.68 4.61 0
27.01 -2.30 5
1.34 -1.46 6
-3.42 -8.75 6
27.52 -5.50 5
-16.72 4.56 2
-3.36 19.45 7
2.93 -7.63 6
-20.10 9.39 2
-0.24 -3.71 6
6.66 23.74 7
9.92 -23.71 1
-4.94 -6.35 6
-16.63 -6.70 4
22.25 -1.44 5
3.34 -8.73 6
6.59 -4.52 6
-7.21 -18.74 8
9.87 -5.57 6
0.52 3.32 0
6.62 23.50 7
9.36 -18.77 1
-3.94 2.86 0
-17.57 -5.40 4
24.08 -0.52 5
12.43 -7.51 1
15.30 4.41 5
-8.69 -5.34 4
7.61 19.01 7
17.28 -14.21 1
-4.52 -6.71 6
-23.25 -6.53 4
20.52 -2.14 5
-0.02 -11.06 6
19.13 -4.64 5
-8.08 -21.42 8
2.48 -5.39 6
-5.76 -1.13 0
20.09 4.60 5
-4.11 0.80 0
-3.14 -19.95 8
0.69 -7.61 6
17.24 7.28 3
7.72 -10.17 1
4.03 25.08 7
0.90 -11.69 6
15.11 -6.61 5
-7.25 -18.94 8
3.85 0.41 6
27.29 1.18 5
6.14 -25.56 1
0.18 -17.89 8
-3.23 -14.72 8
-16.51 -25.26 8
1.54 0.46 6
9.22 -23.03 1
15.82 13.03 3
0.44 13.80 7
-7.06 11.36 0
-16.67 -11.01 4
6.39 -8.02 6
2.66 -9.69 6
-4.74 3.02 0
10.61 19.71 3
16.21 -20.22 1
-10.23 -5.03 4
15.88 2.38 5
-12.00 -21.52 8
-13.51 -27.49 8
-7.09 -16.89 8
-7.52 -20.73 8
-13.93 -19.16 8
16.13 -6.30 5
21.32 6.96 5
21.93 1.50 5
17.30 6.92 3
-7.07 -17.96 8
-0.94 -2.17 6
14.35 -22.45 1
1.73 -12.90 8
17.36 15.23 3
-18.15 12.08 2
7.93 -5.84 6
-8.89 -1.01 0
2.61 -7.80 6
2.38 28.80 7
10.42 -22.70 1
0.01 -17.88 8
15.61 6.38 3
-22.66 -9.37 4
-9.16 -9.15 4
4.72 -22.46 1
1.54 -14.14 8
-1.21 -17.01 8
14.40 1.86 5
-16.81 -2.50 4
7.40 -26.31 1
-13.61 -5.15 4
0.40 -13.46 8
8.78 -25.80 1
-9.18 -15.88 8
19.19 6.84 3
7.79 -0.91 6
28.29 4.32 5
-20.62 -5.40 4
6.25 -26.51 1
26.28 -3.04 5
11.19 20.79 3
4.57 -11.49 6
-19.68 -0.11 4
17.87 -1.83 5
-18.95 12.72 2
21.16 -1.82 5
5.07 -24.19 1
8.59 -18.30 1
-0.54 -16.53 8
23.75 0.14 5
16.48 -9.76 1
4.51 -19.19 1
-2.71 -6.87 6
-14.61 -2.62 4
9.91 -6.09 6
-2.21 -13.30 8
-12.42 0.79 4
8.81 -11.41 1
-7.77 -13.98 8
26.68 0.75 5
-1.78 -15.46 8
2.60 20.95 7
8.81 -9.23 6
0.51 -15.78 8
9.61 -11.49 1
-2.48 21.23 7
10.91 -9.20 1
-12.85 -8.22 4
-6.46 2.18 0
14.14 -2.88 5
-5.71 8.73 0
20.42 11.35 3
-3.04 -21.77 8
-10.38 -3.25 4
-22.16 12.47 2
0.02 23.56 7
16.23 -17.06 1
-0.99 -10.68 6
-8.23 -13.92 8
29.10 4.46 5
1.28 3.20 0
15.97 15.21 3
8.70 -13.27 1
-0.78 -9.77 6
-19.50 12.57 2
2.38 20.72 7
11.68 -10.29 1
-7.95 -10.93 8
-4.73 -4.67 6
27.79 5.31 5
8.08 8.66 3
21.57 12.57 3
-0.02 -23.10 8
-5.24 -0.78 0
-16.80 12.32 2
-0.03 23.81 7
-16.53 11.99 2
2.92 1.70 6
1.12 1.28 6
16.06 16.05 3
-2.62 -2.63 6
10.33 20.23 3
-21.67 7.92 2
0.44 5.28 0
-23.12 12.82 2
-0.62 -9.24 6
27.10 2.17 5
9.02 -12.33 1
4.67 -14.44 1
3.76 -15.90 1
-3.79 -21.45 8
2.16 4.79 0
10.69 -20.31 1
1.03 18.43 7
3.49 23.12 7
-5.89 3.23 0
-11.20 -9.87 4
4.50 -18.10 1
-6.77 -11.75 8
-7.07 -2.69 0
9.58 10.59 3
10.31 -16.03 1
-4.26 -2.71 6
19.62 13.14 3
-8.88 -11.84 8
-4.95 -15.45 8
4.25 -17.29 1
-0.03 7.84 0
-7.99 -15.35 8
29.00 -0.24 5
20.81 7.68 3
17.61 11.90 3
13.14 21.84 3
25.16 0.20 5
-18.07 15.33 2
10.23 -18.49 1
-3.69 5.37 0
1.81 16.89 7
-20.01 10.25 2
6.72 12.07 3
-10.19 -13.09 8
-0.17 -1.50 6
-14.56 -9.79 4
4.10 18.32 7
-1.46 18.03 7
12.80 -11.29 1
11.01 -15.77 1
22.85 10.05 3
-15.48 -16.06 4
-9.52 -8.61 4
1.90 -18.38 8
12.67 -18.98 1
23.61 6.09 5
24.11 6.09 5
-19.84 -7.85 4
4.53 -22.65 1
-10.96 -1.07 4
-19.15 12.69 2
17.16 -14.91 1
-0.63 -20.80 8
17.55 14.48 3
0.19 -12.03 6
28.44 12.25 3
-1.46 -3.69 6
12.56 -13.14 1
23.60 3.41 5
10.04 17.00 3
-8.39 12.77 0
-18.68 -3.66 4
24.44 0.58 5
-19.23 5.13 2
15.89 17.01 3
10.50 -14.14 1
-3.12 -23.71 8
-0.92 10.03 0
20.23 2.37 5
26.80 2.23 5
3.35 -19.37 1
-10.18 -10.06 4
0.30 -0.50 6
-6.85 -11.77 8
-7.87 -7.60 4
1.58 11.49 0
3.89 -18.75 1
-16.65 7.94 2
-3.97 14.03 0
28.18 7.78 5
3.55 -17.97 1
0.13 -18.65 8
31.70 2.78 5
-14.61 13.34 2
6.46 20.57 7
10.80 -6.96 6
-4.87 12.42 0
-0.34 6.37 0
